# Análise PCA
PT: [-2.593264, -0.462199]
PSDB: [3.799433, 1.612031]
PV: [-0.190290, -0.212079]
PSOL: [4.761598, -2.596514]
PCdoB: [-2.550660, -0.079135]
PP: [-2.167081, 0.096036]
PR: [-1.833043, -0.140780]
DEM: [3.035465, 1.657464]
PMDB: [-2.262158, 0.125175]
